0 1 0 0 17.7850 0.3821
0 1 0 0 18.2870 0.3716
0 1 0 0 18.0860 0.3758
0 1 0 0 18.2500 0.3724
0 1 0 0 19.3140 0.3519
0 1 0 0 17.7770 0.3823
0 1 0 0 18.2520 0.3724
0 1 0 0 20.1770 0.3368
0 1 0 0 18.2200 0.3730
0 1 0 0 18.0490 0.3765
6 1 0 0 16.5950 0.3766
6 1 0 0 16.4570 0.3798
6 1 0 0 19.2330 0.3250
6 1 0 0 19.7960 0.3157
6 1 0 0 20.3740 0.3068
6 0 1 0 16.0160 0.0000
6 0 1 0 17.6180 0.0000
6 1 0 0 17.7680 0.3518
6 1 0 0 19.6470 0.3181
6 1 0 0 17.3830 0.3596
12 0 1 0 33.3850 0.0000
12 0 1 0 10.5500 0.0000
12 0 1 0 12.8740 0.0000
12 0 1 0 13.9310 0.0000
12 0 1 0 24.4550 0.0000
12 0 1 0 12.5890 0.0000
12 0 1 0 15.2260 0.0000
12 0 1 0 16.8290 0.0000
12 0 1 0 47.2060 0.0000
12 0 1 0 13.4000 0.0000
18 1 0 0 13.7850 0.4207
18 1 0 0 14.8200 0.3913
18 1 0 0 11.4300 0.5000
18 1 0 0 13.7390 0.4221
18 1 0 0 13.6790 0.4240
18 1 0 0 13.1180 0.4421
18 1 0 0 14.2540 0.4069
18 1 0 0 12.5660 0.4615
18 1 0 0 12.8910 0.4499
18 1 0 0 12.6790 0.4574
24 0 1 0 12.4570 0.0000
24 0 1 0 32.5890 0.0000
24 0 1 0 11.4200 0.0000
24 0 1 0 20.6380 0.0000
24 0 1 0 16.0870 0.0000
24 0 1 0 67.4640 0.0000
24 0 1 0 21.6580 0.0000
24 0 1 0 29.2490 0.0000
24 0 1 0 27.4750 0.0000
24 0 1 0 11.3090 0.0000
30 0 1 0 19.1680 0.0000
30 0 1 0 12.1240 0.0000
30 0 1 0 12.1950 0.0000
30 0 1 0 12.4430 0.0000
30 0 1 0 11.9390 0.0000
30 0 1 0 13.3580 0.0000
30 0 1 0 14.4280 0.0000
30 0 1 0 22.2310 0.0000
30 0 1 0 14.4390 0.0000
30 0 1 0 20.6130 0.0000
36 1 0 0 10.6480 0.4945
36 1 0 0 10.6670 0.4936
36 1 0 0 11.0890 0.4749
36 1 0 0 10.6140 0.4961
36 1 0 0 10.5640 0.4985
36 1 0 0 10.3750 0.5000
36 1 0 0 10.7250 0.4910
36 1 0 0 10.6460 0.4946
36 1 0 0 10.6350 0.4951
36 1 0 0 10.8210 0.4866
42 1 0 0 9.2400 0.5000
42 1 0 0 9.1250 0.5000
42 1 0 0 9.1820 0.5000
42 1 0 0 9.1310 0.5000
42 1 0 0 9.0940 0.5000
42 1 0 0 9.2140 0.5000
42 1 0 0 9.1290 0.5000
42 1 0 0 9.0060 0.5000
42 1 0 0 9.1990 0.5000
42 1 0 0 9.2000 0.5000
48 0 1 0 14.8130 0.0000
48 0 1 0 9.4310 0.0000
48 0 1 0 8.3710 0.0000
48 0 1 0 14.7900 0.0000
48 0 1 0 11.5460 0.0000
48 0 1 0 16.0240 0.0000
48 0 1 0 11.8000 0.0000
48 0 1 0 6.7690 0.0000
48 0 1 0 15.6540 0.0000
48 0 1 0 10.9680 0.0000
54 1 0 0 10.0870 0.5000
54 1 0 0 10.1530 0.5000
54 1 0 0 10.1590 0.5000
54 1 0 0 10.2490 0.5000
54 1 0 0 10.1690 0.5000
54 1 0 0 10.2560 0.5000
54 1 0 0 10.2900 0.5000
54 1 0 0 10.1240 0.5000
54 1 0 0 10.1130 0.5000
54 1 0 0 10.1290 0.5000
60 0 1 0 21.1370 0.0000
60 0 1 0 5.8810 0.0000
60 1 0 0 24.9450 0.2192
60 0 1 0 11.4660 0.0000
60 0 1 0 6.2720 0.0000
60 0 1 0 6.7260 0.0000
60 1 0 0 21.6910 0.2521
60 0 1 0 6.8190 0.0000
60 0 1 0 6.4870 0.0000
60 0 1 0 12.6630 0.0000
66 0 1 0 4.5620 0.0000
66 0 1 0 30.9450 0.0000
66 0 1 0 24.4130 0.0000
66 0 1 0 25.1320 0.0000
66 0 1 0 4.9030 0.0000
66 0 1 0 15.6230 0.0000
66 0 1 0 4.4700 0.0000
66 0 1 0 4.8850 0.0000
66 0 1 0 8.3000 0.0000
66 0 1 0 30.9840 0.0000
72 1 0 0 10.5440 0.4989
72 1 0 0 10.5100 0.5000
72 1 0 0 10.5580 0.4982
72 1 0 0 10.4290 0.5000
72 1 0 0 10.3970 0.5000
72 1 0 0 10.5370 0.4992
72 1 0 0 10.5230 0.4999
72 1 0 0 10.6190 0.4953
72 1 0 0 10.6100 0.4958
72 1 0 0 10.5180 0.5000
78 0 1 0 14.2470 0.0000
78 0 1 0 13.7960 0.0000
78 0 1 0 13.6700 0.0000
78 0 1 0 15.8150 0.0000
78 0 1 0 16.2740 0.0000
78 0 1 0 14.8660 0.0000
78 0 1 0 17.1800 0.0000
78 0 1 0 14.9310 0.0000
78 0 1 0 13.9070 0.0000
78 0 1 0 14.4040 0.0000
84 1 0 0 13.0950 0.4125
84 1 0 0 13.4900 0.4004
84 1 0 0 13.6830 0.3947
84 1 0 0 13.5780 0.3978
84 1 0 0 13.0460 0.4140
84 1 0 0 13.6130 0.3968
84 1 0 0 13.4730 0.4009
84 1 0 0 13.6260 0.3964
84 1 0 0 13.1050 0.4121
84 1 0 0 13.0620 0.4135
90 0 1 0 4.9310 0.0000
90 0 1 0 5.0660 0.0000
90 1 0 0 14.3580 0.3871
90 0 1 0 4.9190 0.0000
90 1 0 0 14.1740 0.3921
90 1 0 0 13.2770 0.4186
90 0 1 0 5.2220 0.0000
90 0 1 0 5.1030 0.0000
90 1 0 0 13.2870 0.4183
90 1 0 0 13.0230 0.4268
96 0 1 0 4.9790 0.0000
96 1 0 0 15.0360 0.3673
96 1 0 0 14.7930 0.3733
96 1 0 0 15.3610 0.3595
96 1 0 0 14.8610 0.3716
96 1 0 0 14.8210 0.3726
96 1 0 0 15.2380 0.3624
96 1 0 0 14.9150 0.3703
96 1 0 0 15.3020 0.3609
96 1 0 0 15.3790 0.3591
102 0 1 0 15.6370 0.0000
102 1 0 0 17.8580 0.2975
102 0 1 0 9.3620 0.0000
102 0 1 0 9.3980 0.0000
102 0 1 0 9.7360 0.0000
102 0 1 0 10.1090 0.0000
102 0 1 0 12.2590 0.0000
102 0 1 0 10.2050 0.0000
102 0 1 0 11.0510 0.0000
102 0 1 0 10.0070 0.0000
108 1 0 0 10.9080 0.4888
108 1 0 0 10.7840 0.4944
108 1 0 0 10.7930 0.4940
108 1 0 0 10.7870 0.4942
108 1 0 0 10.8240 0.4926
108 1 0 0 10.7120 0.4977
108 1 0 0 10.7720 0.4949
108 1 0 0 11.0680 0.4817
108 1 0 0 10.6840 0.4990
108 1 0 0 10.7110 0.4978
114 0 1 0 27.9500 0.0000
114 0 1 0 14.3250 0.0000
114 0 1 0 30.5180 0.0000
114 0 1 0 9.7080 0.0000
114 0 1 0 14.2520 0.0000
114 0 1 0 9.6740 0.0000
114 0 1 0 9.7010 0.0000
114 0 1 0 15.3540 0.0000
114 0 1 0 10.5430 0.0000
114 0 1 0 30.3070 0.0000
120 0 1 0 12.5350 0.0000
120 0 1 0 7.0910 0.0000
120 0 1 0 12.5340 0.0000
120 0 1 0 12.5460 0.0000
120 0 1 0 12.8410 0.0000
120 0 1 0 12.5550 0.0000
120 0 1 0 21.2910 0.0000
120 0 1 0 13.0520 0.0000
120 0 1 0 8.4620 0.0000
120 0 1 0 12.7390 0.0000
126 0 1 0 12.8810 0.0000
126 0 1 0 13.8870 0.0000
126 0 1 0 12.9360 0.0000
126 0 1 0 12.9290 0.0000
126 0 1 0 14.6460 0.0000
126 0 1 0 12.9650 0.0000
126 0 1 0 12.9820 0.0000
126 0 1 0 13.9860 0.0000
126 0 1 0 12.7270 0.0000
126 0 1 0 19.2050 0.0000
132 0 1 0 56.5940 0.0000
132 0 1 0 28.6910 0.0000
132 0 1 0 28.3970 0.0000
132 0 1 0 18.5800 0.0000
132 0 1 0 15.6990 0.0000
132 0 1 0 16.3290 0.0000
132 0 1 0 17.2340 0.0000
132 1 0 0 28.5690 0.1901
132 0 1 0 13.7240 0.0000
132 1 0 0 22.1320 0.2454
138 0 1 0 6.0500 0.0000
138 0 1 0 6.0620 0.0000
138 0 1 0 6.4900 0.0000
138 0 1 0 14.1670 0.0000
138 0 1 0 6.1690 0.0000
138 0 1 0 22.0590 0.0000
138 0 1 0 51.7770 0.0000
138 0 1 0 6.0520 0.0000
138 0 1 0 8.7250 0.0000
138 0 1 0 5.9950 0.0000
144 1 0 0 19.3830 0.2835
144 1 0 0 19.6000 0.2804
144 1 0 0 21.7580 0.2526
144 1 0 0 20.4550 0.2687
144 1 0 0 20.8440 0.2637
144 0 1 0 14.2920 0.0000
144 1 0 0 19.0610 0.2883
144 0 1 0 12.1190 0.0000
144 1 0 0 19.3320 0.2843
144 0 1 0 12.2950 0.0000
150 0 1 0 7.7120 0.0000
150 1 0 0 43.5180 0.1252
150 0 1 0 7.0730 0.0000
150 1 0 0 20.1100 0.2710
150 0 1 0 7.9330 0.0000
150 0 1 0 28.6750 0.0000
150 1 0 0 20.6290 0.2642
150 0 1 0 6.9480 0.0000
150 0 1 0 7.0690 0.0000
150 0 1 0 13.0250 0.0000
156 1 0 0 10.9110 0.4791
156 1 0 0 10.9540 0.4772
156 1 0 0 11.0490 0.4731
156 1 0 0 11.0870 0.4715
156 1 0 0 10.9150 0.4789
156 1 0 0 10.9040 0.4794
156 1 0 0 11.1270 0.4698
156 1 0 0 11.2390 0.4651
156 1 0 0 11.1290 0.4697
156 1 0 0 10.9260 0.4784
162 1 0 0 21.7520 0.2492
162 1 0 0 22.0290 0.2460
162 1 0 0 21.2270 0.2553
162 1 0 0 21.7890 0.2487
162 0 1 0 10.7470 0.0000
162 0 1 0 10.7360 0.0000
162 0 1 0 10.7180 0.0000
162 1 0 0 21.4630 0.2525
162 1 0 0 21.1410 0.2564
162 1 0 0 21.2140 0.2555
168 0 1 0 8.6100 0.0000
168 0 1 0 10.4980 0.0000
168 0 1 0 10.1030 0.0000
168 0 1 0 8.7090 0.0000
168 0 1 0 8.3630 0.0000
168 0 1 0 13.3910 0.0000
168 0 1 0 9.5550 0.0000
168 0 1 0 14.7170 0.0000
168 0 1 0 8.4060 0.0000
168 0 1 0 9.6450 0.0000
174 1 0 0 17.3480 0.3083
174 1 0 0 17.4020 0.3073
174 1 0 0 17.0340 0.3140
174 1 0 0 17.1300 0.3122
174 1 0 0 16.9680 0.3152
174 1 0 0 17.0240 0.3142
174 1 0 0 16.8660 0.3171
174 1 0 0 16.8300 0.3178
174 1 0 0 17.5700 0.3044
174 1 0 0 17.4720 0.3061
180 0 1 0 10.0530 0.0000
180 0 1 0 13.8450 0.0000
180 0 1 0 12.8890 0.0000
180 0 1 0 13.6410 0.0000
180 0 1 0 11.5220 0.0000
180 0 1 0 11.3850 0.0000
180 0 1 0 12.5680 0.0000
180 0 1 0 11.7310 0.0000
180 0 1 0 10.4570 0.0000
180 0 1 0 14.5120 0.0000
186 0 1 0 42.0010 0.0000
186 0 1 0 15.1280 0.0000
186 0 1 0 31.5530 0.0000
186 0 1 0 19.3950 0.0000
186 0 1 0 22.4430 0.0000
186 0 1 0 25.0270 0.0000
186 0 1 0 14.2820 0.0000
186 0 1 0 21.6950 0.0000
186 0 1 0 38.2540 0.0000
186 0 1 0 63.3520 0.0000
192 0 1 0 12.0040 0.0000
192 0 1 0 12.8730 0.0000
192 0 1 0 12.9660 0.0000
192 0 1 0 11.9220 0.0000
192 0 1 0 12.3890 0.0000
192 0 1 0 11.6850 0.0000
192 0 1 0 12.6440 0.0000
192 0 1 0 13.1900 0.0000
192 0 1 0 14.7570 0.0000
192 0 1 0 8.7940 0.0000
198 1 0 0 19.5230 0.2895
198 1 0 0 16.7310 0.3378
198 1 0 0 18.1580 0.3113
198 1 0 0 18.3630 0.3078
198 1 0 0 16.1970 0.3489
198 1 0 0 16.0950 0.3512
198 1 0 0 18.4990 0.3055
198 1 0 0 18.9790 0.2978
198 1 0 0 18.2460 0.3098
198 1 0 0 19.6030 0.2883
204 0 1 0 18.3830 0.0000
204 0 1 0 15.0230 0.0000
204 0 1 0 16.6110 0.0000
204 0 1 0 17.2740 0.0000
204 0 1 0 13.6890 0.0000
204 0 1 0 13.6660 0.0000
204 1 0 0 32.4020 0.2110
204 0 1 0 16.0970 0.0000
204 0 1 0 12.7680 0.0000
204 0 1 0 17.6650 0.0000
210 1 0 0 24.3930 0.2162
210 1 0 0 23.9100 0.2206
210 1 0 0 23.2750 0.2266
210 0 1 0 10.7710 0.0000
210 1 0 0 24.1920 0.2180
210 0 1 0 10.8600 0.0000
210 1 0 0 22.9550 0.2298
210 1 0 0 24.0040 0.2197
210 1 0 0 23.7450 0.2221
210 1 0 0 22.3500 0.2360
216 0 1 0 7.3920 0.0000
216 0 1 0 7.3990 0.0000
216 0 1 0 7.5090 0.0000
216 0 1 0 7.4280 0.0000
216 0 1 0 6.7890 0.0000
216 0 1 0 11.0060 0.0000
216 0 1 0 6.7960 0.0000
216 0 1 0 33.5270 0.0000
216 0 1 0 6.7770 0.0000
216 0 1 0 10.6250 0.0000
222 0 1 0 13.0120 0.0000
222 0 1 0 12.8100 0.0000
222 0 1 0 12.2010 0.0000
222 0 1 0 34.5180 0.0000
222 0 1 0 10.7320 0.0000
222 0 1 0 17.5390 0.0000
222 0 1 0 9.0520 0.0000
222 0 1 0 16.0840 0.0000
222 0 1 0 16.0640 0.0000
222 0 1 0 35.0990 0.0000
228 0 1 0 9.3530 0.0000
228 0 1 0 9.6230 0.0000
228 0 1 0 9.5850 0.0000
228 0 1 0 41.8500 0.0000
228 1 0 0 24.1360 0.2601
228 1 0 0 32.4030 0.1937
228 0 1 0 9.4640 0.0000
228 0 1 0 9.6820 0.0000
228 0 1 0 9.6730 0.0000
228 0 1 0 11.7340 0.0000
234 0 1 0 3.8870 0.0000
234 0 1 0 4.7340 0.0000
234 0 1 0 5.0490 0.0000
234 0 1 0 21.3060 0.0000
234 0 1 0 9.5180 0.0000
234 0 1 0 7.9760 0.0000
234 0 1 0 12.6910 0.0000
234 0 1 0 6.4920 0.0000
234 0 1 0 6.8200 0.0000
234 0 1 0 3.9970 0.0000
240 1 0 0 23.1850 0.2757
240 1 0 0 23.4640 0.2724
240 1 0 0 22.5740 0.2832
240 0 1 0 15.1390 0.0000
240 1 0 0 21.8420 0.2927
240 1 0 0 21.9770 0.2909
240 1 0 0 23.4260 0.2729
240 0 1 0 15.1520 0.0000
240 0 1 0 15.7750 0.0000
240 1 0 0 22.0750 0.2896
246 1 0 0 23.9770 0.2277
246 1 0 0 24.1100 0.2265
246 1 0 0 22.8020 0.2395
246 1 0 0 23.0630 0.2368
246 1 0 0 23.0750 0.2366
246 1 0 0 23.4300 0.2331
246 1 0 0 23.1050 0.2363
246 1 0 0 21.3220 0.2561
246 1 0 0 22.8460 0.2390
246 1 0 0 22.7200 0.2403
252 1 0 0 17.1650 0.2995
252 1 0 0 17.0340 0.3018
252 1 0 0 17.1220 0.3003
252 1 0 0 16.9360 0.3036
252 1 0 0 17.0070 0.3023
252 1 0 0 16.9800 0.3028
252 1 0 0 16.7810 0.3064
252 1 0 0 16.9870 0.3027
252 1 0 0 14.6470 0.3510
252 1 0 0 17.0730 0.3011
258 0 1 0 11.7970 0.0000
258 0 1 0 11.9060 0.0000
258 1 0 0 24.9220 0.2719
258 1 0 0 23.7010 0.2859
258 0 1 0 13.2950 0.0000
258 0 1 0 6.6870 0.0000
258 1 0 0 22.2820 0.3041
258 0 1 0 17.8020 0.0000
258 0 1 0 12.6290 0.0000
258 0 1 0 19.3180 0.0000
264 0 1 0 22.1750 0.0000
264 0 1 0 11.7330 0.0000
264 0 1 0 9.4390 0.0000
264 0 1 0 9.2170 0.0000
264 0 1 0 10.3880 0.0000
264 0 1 0 15.6850 0.0000
264 0 1 0 10.3470 0.0000
264 0 1 0 12.1380 0.0000
264 0 1 0 10.9320 0.0000
264 0 1 0 11.0860 0.0000
270 0 1 0 13.6960 0.0000
270 0 1 0 11.2090 0.0000
270 0 1 0 11.7100 0.0000
270 0 1 0 11.4360 0.0000
270 0 1 0 11.6090 0.0000
270 0 1 0 11.1870 0.0000
270 0 1 0 11.1770 0.0000
270 0 1 0 7.9860 0.0000
270 0 1 0 11.2280 0.0000
270 0 1 0 11.6170 0.0000
276 0 1 0 18.5140 0.0000
276 0 1 0 12.2360 0.0000
276 0 1 0 8.8660 0.0000
276 0 1 0 8.9420 0.0000
276 0 1 0 9.7840 0.0000
276 0 1 0 9.1630 0.0000
276 0 1 0 33.0200 0.0000
276 0 1 0 9.5130 0.0000
276 0 1 0 12.3090 0.0000
276 0 1 0 13.3930 0.0000
282 0 1 0 44.3190 0.0000
282 0 1 0 8.2680 0.0000
282 0 1 0 21.6350 0.0000
282 0 1 0 26.1340 0.0000
282 0 1 0 24.2640 0.0000
282 0 1 0 37.2150 0.0000
282 0 1 0 8.2720 0.0000
282 0 1 0 36.0060 0.0000
282 0 1 0 35.6570 0.0000
282 0 1 0 30.9610 0.0000
288 0 1 0 7.9940 0.0000
288 0 1 0 8.5070 0.0000
288 0 1 0 8.4040 0.0000
288 0 1 0 8.6190 0.0000
288 0 1 0 10.1490 0.0000
288 0 1 0 8.7130 0.0000
288 0 1 0 8.3840 0.0000
288 0 1 0 8.6240 0.0000
288 0 1 0 9.2050 0.0000
288 0 1 0 8.5080 0.0000
294 0 1 0 21.2060 0.0000
294 0 1 0 3.1860 0.0000
294 0 1 0 20.2740 0.0000
294 0 1 0 23.7910 0.0000
294 0 1 0 35.9720 0.0000
294 0 1 0 20.9740 0.0000
294 0 1 0 23.9480 0.0000
294 0 1 0 39.9600 0.0000
294 0 1 0 27.0550 0.0000
294 0 1 0 66.1200 0.0000
