0 1 0 0 18.7080 0.3633
0 1 0 0 19.2370 0.3533
0 1 0 0 18.6820 0.3638
0 1 0 0 18.2120 0.3732
0 1 0 0 18.6850 0.3637
0 1 0 0 18.5320 0.3667
0 1 0 0 18.7210 0.3630
0 1 0 0 17.9270 0.3791
0 1 0 0 18.6700 0.3640
0 1 0 0 18.7770 0.3619
6 1 0 0 16.7290 0.3736
6 1 0 0 17.9320 0.3486
6 1 0 0 17.1810 0.3638
6 1 0 0 16.6390 0.3756
6 1 0 0 17.4820 0.3575
6 1 0 0 16.7440 0.3733
6 1 0 0 16.8070 0.3719
6 1 0 0 17.0450 0.3667
6 1 0 0 17.2830 0.3616
6 1 0 0 16.5220 0.3783
12 0 1 0 48.1770 0.0000
12 0 1 0 16.2410 0.0000
12 0 1 0 42.6600 0.0000
12 0 1 0 15.6380 0.0000
12 0 1 0 19.3740 0.0000
12 0 1 0 39.0830 0.0000
12 0 1 0 18.9980 0.0000
12 0 1 0 18.3650 0.0000
12 0 1 0 27.8220 0.0000
12 0 1 0 8.0800 0.0000
18 1 0 0 13.6870 0.4237
18 1 0 0 12.2430 0.4737
18 1 0 0 12.1890 0.4758
18 0 1 0 6.5710 0.0000
18 1 0 0 11.8470 0.4895
18 1 0 0 12.8260 0.4522
18 1 0 0 11.8570 0.4891
18 0 1 0 6.3920 0.0000
18 1 0 0 12.7030 0.4565
18 1 0 0 13.7310 0.4224
24 1 0 0 20.9750 0.2958
24 1 0 0 20.9600 0.2961
24 1 0 0 20.9230 0.2966
24 1 0 0 20.8060 0.2982
24 1 0 0 21.2910 0.2915
24 1 0 0 23.0100 0.2697
24 1 0 0 20.8870 0.2971
24 1 0 0 20.6980 0.2998
24 1 0 0 20.7070 0.2997
24 1 0 0 21.0280 0.2951
30 0 1 0 80.1330 0.0000
30 1 0 0 26.2870 0.2253
30 0 1 0 18.5710 0.0000
30 1 0 0 42.6550 0.1389
30 1 0 0 27.6670 0.2141
30 0 1 0 13.8930 0.0000
30 1 0 0 26.4350 0.2241
30 0 1 0 11.1730 0.0000
30 1 0 0 23.3650 0.2535
30 1 0 0 34.6620 0.1709
36 1 0 0 10.2630 0.5000
36 1 0 0 10.5800 0.4977
36 1 0 0 10.3890 0.5000
36 1 0 0 10.6870 0.4927
36 1 0 0 10.7850 0.4882
36 1 0 0 10.8930 0.4834
36 1 0 0 11.0110 0.4782
36 1 0 0 10.7240 0.4910
36 1 0 0 10.7150 0.4914
36 1 0 0 10.9870 0.4793
42 1 0 0 9.1860 0.5000
42 1 0 0 9.4010 0.5000
42 1 0 0 9.0820 0.5000
42 1 0 0 9.1510 0.5000
42 1 0 0 9.2130 0.5000
42 1 0 0 8.9840 0.5000
42 1 0 0 9.1770 0.5000
42 1 0 0 9.2260 0.5000
42 1 0 0 9.1130 0.5000
42 1 0 0 8.8780 0.5000
48 0 1 0 36.6020 0.0000
48 0 1 0 46.9250 0.0000
48 0 1 0 21.5830 0.0000
48 0 0 1 100.0320 0.0000
48 0 1 0 38.4440 0.0000
48 0 1 0 28.7280 0.0000
48 0 1 0 14.4520 0.0000
48 0 0 1 100.0010 0.0000
48 0 1 0 12.4900 0.0000
48 0 1 0 77.9400 0.0000
54 1 0 0 10.1410 0.5000
54 1 0 0 10.1710 0.5000
54 1 0 0 10.2520 0.5000
54 1 0 0 10.1290 0.5000
54 1 0 0 10.1310 0.5000
54 1 0 0 10.1440 0.5000
54 1 0 0 10.3230 0.5000
54 1 0 0 10.3090 0.5000
54 1 0 0 10.1160 0.5000
54 1 0 0 10.1320 0.5000
60 1 0 0 18.8920 0.2895
60 1 0 0 17.0660 0.3205
60 0 1 0 5.7520 0.0000
60 0 1 0 9.1380 0.0000
60 1 0 0 20.2860 0.2696
60 1 0 0 21.4790 0.2546
60 0 1 0 12.2190 0.0000
60 1 0 0 19.5000 0.2805
60 1 0 0 21.2750 0.2571
60 1 0 0 21.5560 0.2537
66 1 0 0 20.7780 0.2569
66 1 0 0 20.1920 0.2643
66 1 0 0 20.9430 0.2549
66 1 0 0 20.2680 0.2633
66 1 0 0 19.8230 0.2692
66 1 0 0 20.7170 0.2576
66 1 0 0 20.0190 0.2666
66 1 0 0 19.7740 0.2699
66 1 0 0 21.4470 0.2489
66 1 0 0 18.9600 0.2815
72 1 0 0 10.8210 0.4861
72 1 0 0 10.6510 0.4938
72 1 0 0 10.7480 0.4894
72 1 0 0 10.5960 0.4964
72 1 0 0 10.7380 0.4898
72 1 0 0 10.8150 0.4864
72 1 0 0 10.7030 0.4914
72 1 0 0 10.7330 0.4901
72 1 0 0 10.7400 0.4898
72 1 0 0 10.8040 0.4869
78 1 0 0 24.2970 0.2684
78 1 0 0 22.7930 0.2861
78 1 0 0 24.2920 0.2685
78 1 0 0 22.6700 0.2877
78 1 0 0 24.4660 0.2666
78 1 0 0 24.6600 0.2645
78 1 0 0 24.5750 0.2654
78 1 0 0 24.4620 0.2666
78 1 0 0 24.7060 0.2640
78 1 0 0 24.6400 0.2647
84 1 0 0 14.1320 0.3822
84 1 0 0 13.9830 0.3863
84 1 0 0 13.9730 0.3865
84 1 0 0 14.1700 0.3812
84 1 0 0 14.0610 0.3841
84 1 0 0 13.9290 0.3878
84 1 0 0 13.7590 0.3926
84 1 0 0 13.8940 0.3887
84 1 0 0 13.5770 0.3978
84 1 0 0 14.0820 0.3836
90 1 0 0 12.2760 0.4527
90 1 0 0 12.2490 0.4537
90 1 0 0 12.2340 0.4543
90 1 0 0 12.3450 0.4502
90 1 0 0 12.2530 0.4536
90 1 0 0 13.5500 0.4102
90 1 0 0 12.2720 0.4529
90 1 0 0 12.2740 0.4528
90 1 0 0 12.6020 0.4410
90 1 0 0 12.1980 0.4556
96 1 0 0 15.6700 0.3524
96 1 0 0 15.5730 0.3546
96 1 0 0 15.7160 0.3514
96 1 0 0 15.5360 0.3555
96 1 0 0 15.7610 0.3504
96 1 0 0 15.6680 0.3525
96 1 0 0 15.6920 0.3519
96 1 0 0 15.7880 0.3498
96 1 0 0 15.6400 0.3531
96 1 0 0 15.6820 0.3522
102 0 1 0 15.3480 0.0000
102 0 1 0 20.5650 0.0000
102 0 1 0 21.1970 0.0000
102 0 1 0 9.1770 0.0000
102 0 1 0 17.3890 0.0000
102 0 1 0 13.1410 0.0000
102 1 0 0 16.3260 0.3255
102 0 1 0 13.9390 0.0000
102 0 1 0 11.6040 0.0000
102 0 1 0 8.8460 0.0000
108 1 0 0 11.1170 0.4796
108 1 0 0 10.8830 0.4899
108 1 0 0 10.7750 0.4948
108 1 0 0 10.7800 0.4946
108 1 0 0 10.7990 0.4937
108 1 0 0 10.7420 0.4963
108 1 0 0 10.7850 0.4943
108 1 0 0 10.6670 0.4998
108 1 0 0 10.6590 0.5000
108 1 0 0 10.6610 0.5000
114 0 1 0 9.9590 0.0000
114 0 1 0 9.8660 0.0000
114 1 0 0 25.2960 0.2464
114 0 1 0 11.1390 0.0000
114 0 1 0 11.1690 0.0000
114 1 0 0 26.1770 0.2381
114 0 1 0 9.9840 0.0000
114 0 1 0 10.0120 0.0000
114 0 1 0 9.8620 0.0000
114 0 1 0 11.3590 0.0000
120 0 1 0 6.0410 0.0000
120 1 0 0 32.7940 0.1746
120 0 1 0 10.9420 0.0000
120 0 1 0 14.8040 0.0000
120 0 1 0 21.4900 0.0000
120 0 1 0 9.3890 0.0000
120 0 1 0 5.9450 0.0000
120 0 1 0 9.0670 0.0000
120 0 1 0 5.8570 0.0000
120 0 1 0 5.9310 0.0000
126 0 1 0 19.1310 0.0000
126 0 1 0 14.9340 0.0000
126 0 1 0 18.8580 0.0000
126 0 1 0 18.7900 0.0000
126 0 1 0 21.5280 0.0000
126 0 1 0 41.7850 0.0000
126 0 1 0 20.9540 0.0000
126 0 1 0 30.0390 0.0000
126 0 1 0 14.8940 0.0000
126 0 1 0 28.3290 0.0000
132 1 0 0 22.5050 0.2414
132 1 0 0 22.8070 0.2382
132 1 0 0 22.1190 0.2456
132 1 0 0 23.0180 0.2360
132 1 0 0 22.8520 0.2377
132 1 0 0 22.8750 0.2375
132 1 0 0 21.8150 0.2490
132 1 0 0 22.9980 0.2362
132 1 0 0 22.7680 0.2386
132 1 0 0 22.5810 0.2405
138 0 1 0 17.3360 0.0000
138 1 0 0 34.4950 0.1936
138 0 1 0 8.9350 0.0000
138 0 1 0 19.6170 0.0000
138 0 1 0 11.3600 0.0000
138 0 1 0 10.4730 0.0000
138 0 1 0 9.6550 0.0000
138 1 0 0 37.5180 0.1780
138 0 1 0 10.0640 0.0000
138 1 0 0 36.4050 0.1834
144 1 0 0 20.9080 0.2628
144 1 0 0 22.1540 0.2481
144 1 0 0 20.4660 0.2685
144 1 0 0 20.5890 0.2669
144 1 0 0 20.7580 0.2647
144 1 0 0 21.7610 0.2525
144 1 0 0 21.9640 0.2502
144 1 0 0 20.8990 0.2630
144 1 0 0 20.2300 0.2717
144 1 0 0 21.1910 0.2593
150 1 0 0 17.7080 0.3077
150 1 0 0 18.0950 0.3012
150 1 0 0 18.4140 0.2959
150 1 0 0 17.7920 0.3063
150 1 0 0 18.0130 0.3025
150 1 0 0 16.9100 0.3223
150 1 0 0 17.5950 0.3097
150 1 0 0 17.7040 0.3078
150 1 0 0 17.4930 0.3115
150 1 0 0 17.7430 0.3071
156 1 0 0 11.2240 0.4657
156 1 0 0 10.9670 0.4767
156 1 0 0 11.1570 0.4685
156 1 0 0 11.2300 0.4655
156 1 0 0 11.0450 0.4733
156 1 0 0 11.1810 0.4675
156 1 0 0 11.2820 0.4634
156 1 0 0 11.3510 0.4605
156 1 0 0 11.2250 0.4657
156 1 0 0 11.0970 0.4711
162 1 0 0 21.8290 0.2483
162 1 0 0 23.0050 0.2356
162 1 0 0 22.4450 0.2415
162 1 0 0 22.7520 0.2382
162 1 0 0 23.8220 0.2275
162 1 0 0 23.2060 0.2335
162 1 0 0 22.9780 0.2359
162 1 0 0 23.0130 0.2355
162 1 0 0 22.7380 0.2384
162 1 0 0 22.8050 0.2377
168 1 0 0 32.4490 0.1802
168 1 0 0 30.1900 0.1937
168 1 0 0 29.6920 0.1970
168 1 0 0 29.6960 0.1969
168 1 0 0 29.5250 0.1981
168 1 0 0 30.0810 0.1944
168 0 1 0 15.8570 0.0000
168 1 0 0 30.5170 0.1916
168 1 0 0 30.0670 0.1945
168 1 0 0 29.2120 0.2002
174 1 0 0 18.2730 0.2927
174 1 0 0 17.7240 0.3018
174 1 0 0 17.9610 0.2978
174 1 0 0 17.9400 0.2981
174 1 0 0 18.2310 0.2934
174 1 0 0 17.9140 0.2986
174 1 0 0 18.1490 0.2947
174 1 0 0 18.1590 0.2945
174 1 0 0 17.9310 0.2983
174 1 0 0 18.0960 0.2955
180 1 0 0 23.2550 0.2442
180 0 1 0 15.3260 0.0000
180 1 0 0 21.9130 0.2592
180 1 0 0 29.8800 0.1901
180 0 1 0 15.5830 0.0000
180 1 0 0 29.6670 0.1914
180 1 0 0 23.7880 0.2387
180 1 0 0 20.2710 0.2802
180 0 1 0 14.9100 0.0000
180 1 0 0 30.4250 0.1867
186 1 0 0 31.6150 0.1877
186 0 1 0 23.2010 0.0000
186 0 1 0 17.0950 0.0000
186 0 1 0 16.0770 0.0000
186 1 0 0 30.1210 0.1971
186 0 1 0 18.0040 0.0000
186 0 1 0 15.8900 0.0000
186 0 1 0 16.4380 0.0000
186 0 1 0 23.9480 0.0000
186 0 1 0 17.7510 0.0000
192 0 1 0 47.4990 0.0000
192 0 1 0 11.6990 0.0000
192 0 1 0 9.2860 0.0000
192 1 0 0 32.9660 0.1685
192 0 1 0 31.9250 0.0000
192 1 0 0 39.1950 0.1418
192 0 1 0 14.2950 0.0000
192 1 0 0 46.3550 0.1250
192 1 0 0 46.4970 0.1250
192 0 1 0 27.3130 0.0000
198 1 0 0 18.2600 0.3095
198 1 0 0 18.0680 0.3128
198 1 0 0 18.4550 0.3062
198 1 0 0 17.7040 0.3192
198 1 0 0 18.4150 0.3069
198 1 0 0 18.3460 0.3081
198 1 0 0 17.6630 0.3200
198 1 0 0 17.8670 0.3163
198 1 0 0 18.1740 0.3110
198 1 0 0 16.2820 0.3471
204 0 1 0 14.1950 0.0000
204 0 1 0 11.3120 0.0000
204 0 1 0 7.9690 0.0000
204 0 1 0 8.7580 0.0000
204 0 1 0 8.1770 0.0000
204 0 1 0 6.8150 0.0000
204 0 1 0 11.7280 0.0000
204 1 0 0 32.8180 0.2083
204 0 1 0 10.1590 0.0000
204 0 1 0 7.9880 0.0000
210 1 0 0 26.9750 0.1955
210 1 0 0 25.9040 0.2036
210 1 0 0 29.4250 0.1793
210 1 0 0 26.8460 0.1965
210 1 0 0 26.5640 0.1986
210 1 0 0 27.9240 0.1889
210 1 0 0 26.9850 0.1955
210 1 0 0 25.4980 0.2069
210 1 0 0 28.1080 0.1877
210 1 0 0 26.4750 0.1992
216 1 0 0 21.9820 0.2544
216 0 1 0 11.5380 0.0000
216 0 1 0 9.0910 0.0000
216 0 1 0 14.0390 0.0000
216 1 0 0 21.5420 0.2596
216 0 1 0 11.0020 0.0000
216 1 0 0 22.0740 0.2534
216 1 0 0 20.6280 0.2711
216 1 0 0 20.9300 0.2672
216 1 0 0 20.4760 0.2731
222 0 1 0 20.0020 0.0000
222 0 1 0 21.0970 0.0000
222 0 1 0 8.3950 0.0000
222 1 0 0 34.5020 0.1604
222 0 1 0 11.9690 0.0000
222 1 0 0 61.1590 0.1250
222 1 0 0 47.4030 0.1250
222 1 0 0 39.0500 0.1417
222 1 0 0 36.1420 0.1531
222 0 1 0 18.3260 0.0000
228 0 1 0 53.9940 0.0000
228 0 0 1 100.0280 0.0000
228 0 1 0 43.4610 0.0000
228 0 1 0 56.5870 0.0000
228 0 1 0 29.1670 0.0000
228 0 1 0 15.8150 0.0000
228 0 1 0 24.0260 0.0000
228 0 1 0 41.2750 0.0000
228 0 1 0 21.9180 0.0000
228 0 1 0 12.5390 0.0000
234 0 1 0 16.6360 0.0000
234 0 1 0 17.1490 0.0000
234 1 0 0 33.1680 0.1621
234 0 1 0 14.6540 0.0000
234 0 1 0 40.4480 0.0000
234 0 1 0 65.6560 0.0000
234 0 1 0 20.1280 0.0000
234 0 1 0 28.5990 0.0000
234 1 0 0 31.0130 0.1733
234 0 1 0 14.7700 0.0000
240 0 1 0 19.8050 0.0000
240 1 0 0 28.1450 0.2271
240 1 0 0 27.4590 0.2328
240 0 1 0 9.8970 0.0000
240 1 0 0 26.1110 0.2448
240 1 0 0 23.5110 0.2719
240 0 1 0 11.0410 0.0000
240 0 1 0 6.6850 0.0000
240 1 0 0 23.4180 0.2730
240 1 0 0 28.7640 0.2222
246 0 1 0 11.3090 0.0000
246 1 0 0 26.0240 0.2098
246 1 0 0 25.4720 0.2144
246 1 0 0 25.1870 0.2168
246 1 0 0 25.9120 0.2107
246 1 0 0 23.7930 0.2295
246 1 0 0 25.8590 0.2112
246 0 1 0 11.3320 0.0000
246 1 0 0 24.6050 0.2219
246 1 0 0 25.3060 0.2158
252 1 0 0 29.8410 0.1723
252 1 0 0 23.9450 0.2147
252 1 0 0 19.1120 0.2690
252 1 0 0 23.9610 0.2146
252 0 1 0 20.8930 0.0000
252 1 0 0 21.3110 0.2413
252 1 0 0 24.0870 0.2135
252 1 0 0 22.0510 0.2332
252 1 0 0 21.2770 0.2416
252 0 1 0 21.0760 0.0000
258 0 1 0 7.2430 0.0000
258 0 1 0 19.7110 0.0000
258 0 1 0 21.2490 0.0000
258 0 1 0 7.3460 0.0000
258 1 0 0 29.7790 0.2276
258 0 1 0 7.3490 0.0000
258 0 1 0 7.2200 0.0000
258 1 0 0 30.7020 0.2207
258 1 0 0 33.1110 0.2047
258 0 1 0 12.7000 0.0000
264 0 1 0 12.7690 0.0000
264 0 1 0 12.4200 0.0000
264 0 1 0 21.1470 0.0000
264 0 1 0 27.9030 0.0000
264 0 0 1 100.0710 0.0000
264 0 0 1 100.0810 0.0000
264 0 1 0 45.1380 0.0000
264 0 1 0 61.7930 0.0000
264 0 0 1 100.0220 0.0000
264 0 1 0 42.7770 0.0000
270 0 1 0 11.0020 0.0000
270 0 1 0 80.5290 0.0000
270 0 0 1 100.0860 0.0000
270 0 1 0 14.2480 0.0000
270 0 1 0 15.7320 0.0000
270 0 1 0 12.8290 0.0000
270 1 0 0 19.5340 0.2997
270 1 0 0 17.5710 0.3332
270 0 1 0 34.7900 0.0000
270 0 1 0 8.9220 0.0000
276 1 0 0 31.6950 0.1988
276 1 0 0 32.1950 0.1957
276 0 1 0 14.9110 0.0000
276 1 0 0 30.2620 0.2082
276 1 0 0 33.3640 0.1888
276 0 1 0 24.7730 0.0000
276 0 1 0 15.4460 0.0000
276 0 1 0 28.3830 0.0000
276 0 1 0 14.9800 0.0000
276 1 0 0 34.8220 0.1809
282 0 1 0 29.1910 0.0000
282 0 1 0 24.9180 0.0000
282 0 1 0 41.3900 0.0000
282 0 1 0 21.1770 0.0000
282 0 1 0 24.7000 0.0000
282 0 1 0 23.7050 0.0000
282 0 1 0 24.9030 0.0000
282 0 1 0 21.3600 0.0000
282 0 1 0 33.6890 0.0000
282 0 1 0 41.4770 0.0000
288 0 1 0 28.2040 0.0000
288 0 1 0 19.8220 0.0000
288 0 1 0 37.2490 0.0000
288 0 1 0 17.1080 0.0000
288 0 1 0 39.5660 0.0000
288 0 1 0 50.8400 0.0000
288 0 1 0 20.3390 0.0000
288 0 1 0 12.0400 0.0000
288 0 1 0 36.0080 0.0000
288 0 1 0 23.6930 0.0000
294 1 0 0 30.6830 0.1912
294 1 0 0 27.6960 0.2118
294 1 0 0 30.7470 0.1908
294 1 0 0 31.4120 0.1867
294 1 0 0 29.8380 0.1966
294 0 1 0 19.0470 0.0000
294 1 0 0 30.2340 0.1940
294 1 0 0 29.6110 0.1981
294 1 0 0 29.7840 0.1969
294 0 1 0 17.8470 0.0000
